2020202020
20202030
202050
20202030
20203030
203050
202050
203050
5050
20202030
20203030
203050
20203030
20203030
20203030
203050
203050
203050
202050
203050
5050
203050
203050
203050
5050
5050
5050
20202030
20203030
203050
20203030
20203030
20203030
203050
203050
203050
20203030
20203030
20203030
20203030
303030
203050
203050
203050
203050
203050
203050
203050
203050
203050
203050
203050
203050
203050
202050
203050
5050
203050
203050
203050
5050
5050
5050
203050
203050
203050
203050
203050
203050
203050
203050
203050
5050
5050
5050
5050
5050
5050
5050
5050
5050
20202030
20203030
203050
20203030
20203030
20203030
203050
203050
203050
20203030
20203030
20203030
20203030
303030
203050
203050
203050
203050
203050
203050
203050
203050
203050
203050
203050
203050
203050
20203030
20203030
20203030
20203030
303030
203050
203050
203050
203050
20203030
303030
203050
303030
303030
303030
203050
303030
5050
203050
203050
203050
203050
303030
5050
5050
5050
5050
203050
203050
203050
203050
203050
203050
203050
203050
203050
203050
203050
203050
203050
303030
5050
5050
5050
5050
5050
5050
5050
5050
5050
5050
5050
5050
5050
202050
203050
5050
203050
203050
203050
5050
5050
5050
203050
203050
203050
203050
203050
203050
203050
203050
203050
5050
5050
5050
5050
5050
5050
5050
5050
5050
203050
203050
203050
203050
203050
203050
203050
203050
203050
203050
203050
203050
203050
303030
5050
5050
5050
5050
5050
5050
5050
5050
5050
5050
5050
5050
5050
5050
5050
5050
5050
5050
5050
5050
5050
5050
5050
5050
5050
5050
5050
5050
5050
5050
5050
5050
5050
5050
5050
5050
5050
5050
5050
5050
